Sample	FastQC_percent_duplicates	FastQC_percent_gc	FastQC_avg_sequence_length	FastQC_total_sequences	FastQC_percent_fails
SRR8068137.trimmed	84.3239976222	51.0	59.6775238586	2690751.0	20.0
SRR8068138.trimmed	83.9966782137	51.0	59.709718014	2204329.0	20.0
SRR8068139.trimmed	87.4478558913	51.0	59.7609977912	2939613.0	20.0
SRR8068140.trimmed	90.5282593055	50.0	59.8174250116	4423251.0	20.0
SRR8068141.trimmed	88.9001488312	50.0	59.8161592415	3485473.0	20.0
SRR8068142.trimmed	85.7685310699	51.0	59.7150549934	2557125.0	20.0
SRR8068144.trimmed	87.4514466413	50.0	59.748507446	3172917.0	30.0
SRR8068147.trimmed	85.224092989	51.0	59.7047260643	2873850.0	20.0
SRR8068148.trimmed	84.4842084069	51.0	59.7377768575	2772139.0	20.0
